<TransformRecorderLog>
  <log TimeStampSec="7" TimeStampNSec="256000000" type="transform" DeviceName="ProbeToRAS" transform="0.0521948 0.00774066 -0.998608 -2.57278 0.96202 0.267913 0.0523594 -17.2617 0.267945 -0.963411 0.0065369 41.106 0 0 0 1 " />
  <log TimeStampSec="7" TimeStampNSec="256000000" type="transform" DeviceName="StylusTipToRAS" transform="-0.224532 0.270358 -0.936212 -200.297 0.959684 -0.105364 -0.260589 74.7858 -0.169096 -0.956976 -0.2358 -165.368 0 0 0 1 " />
  <log TimeStampSec="7" TimeStampNSec="282000000" type="transform" DeviceName="ProbeToRAS" transform="0.049221 0.00774126 -0.99876 -2.56888 0.961819 0.269175 0.0494869 -17.377 0.269223 -0.96306 0.005805 40.9806 0 0 0 1 " />
  <log TimeStampSec="7" TimeStampNSec="283000000" type="transform" DeviceName="StylusTipToRAS" transform="-0.217559 0.239554 -0.946195 -199.784 0.963847 -0.100063 -0.246951 75.1945 -0.153838 -0.965712 -0.209122 -156.968 0 0 0 1 " />
  <log TimeStampSec="7" TimeStampNSec="363000000" type="transform" DeviceName="ProbeToRAS" transform="0.0464623 0.00864599 -0.998883 -2.56514 0.962103 0.268593 0.0470765 -17.3 0.268699 -0.963215 0.0041619 41.038 0 0 0 1 " />
  <log TimeStampSec="7" TimeStampNSec="363000000" type="transform" DeviceName="StylusTipToRAS" transform="-0.234749 0.28983 -0.927843 -190.049 0.956492 -0.101253 -0.273625 64.6288 -0.173252 -0.951707 -0.253449 -162.078 0 0 0 1 " />
  <log TimeStampSec="7" TimeStampNSec="480999999" type="transform" DeviceName="ProbeToRAS" transform="0.0375934 0.0102571 -0.999241 -2.45638 0.962508 0.268437 0.0389673 -17.3287 0.268632 -0.963243 0.000220006 41.2976 0 0 0 1 " />
  <log TimeStampSec="7" TimeStampNSec="480999999" type="transform" DeviceName="StylusTipToRAS" transform="-0.175746 0.25241 -0.951527 -196.691 0.973312 -0.100343 -0.206387 86.977 -0.147573 -0.962403 -0.228038 -159.191 0 0 0 1 " />
  <log TimeStampSec="7" TimeStampNSec="613000000" type="transform" DeviceName="ProbeToRAS" transform="0.0296826 0.0112209 -0.999497 -2.82236 0.960574 0.276219 0.0316263 -17.4832 0.276435 -0.96103 -0.00257965 41.6551 0 0 0 1 " />
  <log TimeStampSec="7" TimeStampNSec="613000000" type="transform" DeviceName="StylusTipToRAS" transform="-0.21547 0.251249 -0.943635 -194.249 0.967096 -0.0789629 -0.241852 76.9989 -0.135276 -0.964696 -0.225967 -160.138 0 0 0 1 " />
  <log TimeStampSec="7" TimeStampNSec="676000000" type="transform" DeviceName="ProbeToRAS" transform="0.0132585 0.0105467 -0.999857 -3.42933 0.959732 0.280481 0.0156849 -17.9753 0.280605 -0.959802 -0.00640291 43.1889 0 0 0 1 " />
  <log TimeStampSec="7" TimeStampNSec="676000000" type="transform" DeviceName="StylusTipToRAS" transform="-0.258283 0.238126 -0.936262 -194.328 0.95119 -0.106756 -0.289554 66.8549 -0.168902 -0.965349 -0.198929 -148.263 0 0 0 1 " />
  <log TimeStampSec="7" TimeStampNSec="769999999" type="transform" DeviceName="ProbeToRAS" transform="-0.00148033 0.000189095 -0.999999 -3.78776 0.961099 0.276202 -0.00137058 -18.5023 0.276201 -0.961099 -0.000590879 44.6193 0 0 0 1 " />
  <log TimeStampSec="7" TimeStampNSec="770999999" type="transform" DeviceName="StylusTipToRAS" transform="-0.180474 0.30943 -0.93364 -186.921 0.968438 -0.110016 -0.223662 80.3608 -0.171923 -0.944536 -0.279808 -171.487 0 0 0 1 " />
  <log TimeStampSec="7" TimeStampNSec="857999999" type="transform" DeviceName="ProbeToRAS" transform="-0.00119221 -0.0108712 -0.999942 -4.43082 0.961805 0.273706 -0.00412215 -19.1888 0.273734 -0.961751 0.01013 46.2384 0 0 0 1 " />
  <log TimeStampSec="7" TimeStampNSec="857999999" type="transform" DeviceName="StylusTipToRAS" transform="-0.262818 0.281108 -0.922988 -194.222 0.953357 -0.0715214 -0.293248 70.1373 -0.148448 -0.957007 -0.249199 -162.348 0 0 0 1 " />
  <log TimeStampSec="7" TimeStampNSec="960000000" type="transform" DeviceName="ProbeToRAS" transform="-0.0158319 -0.0315144 -0.999379 -4.19363 0.965337 0.259947 -0.0234897 -19.2299 0.260525 -0.965108 0.0263076 47.3012 0 0 0 1 " />
  <log TimeStampSec="7" TimeStampNSec="960000000" type="transform" DeviceName="StylusTipToRAS" transform="-0.198843 0.286477 -0.937226 -196.664 0.970048 -0.0786238 -0.229839 84.4188 -0.139532 -0.954855 -0.262262 -167.951 0 0 0 1 " />
  <log TimeStampSec="8" TimeStampNSec="54000000" type="transform" DeviceName="ProbeToRAS" transform="0.0190557 -0.0191597 -0.999635 -5.1177 0.962123 0.272299 0.0131216 -19.4061 0.271948 -0.962021 0.0236232 46.884 0 0 0 1 " />
  <log TimeStampSec="8" TimeStampNSec="54000000" type="transform" DeviceName="StylusTipToRAS" transform="-0.222328 0.24565 -0.943519 -201.784 0.961865 -0.102888 -0.253439 75.6049 -0.159334 -0.963882 -0.213407 -160.282 0 0 0 1 " />
  <log TimeStampSec="8" TimeStampNSec="230000000" type="transform" DeviceName="ProbeToRAS" transform="0.0176361 -0.0215071 -0.999614 -5.11765 0.95878 0.283941 0.0108064 -19.395 0.283599 -0.9586 0.0256287 46.4766 0 0 0 1 " />
  <log TimeStampSec="8" TimeStampNSec="230000000" type="transform" DeviceName="StylusTipToRAS" transform="-0.243936 0.286234 -0.926589 -186.404 0.953605 -0.103038 -0.282878 64.2977 -0.176443 -0.952603 -0.24782 -157.154 0 0 0 1 " />
  <log TimeStampSec="8" TimeStampNSec="250999999" type="transform" DeviceName="ProbeToRAS" transform="0.00790885 -0.0223153 -0.99972 -4.90555 0.959573 0.281457 0.00130855 -19.3754 0.281349 -0.959313 0.0236398 46.5233 0 0 0 1 " />
  <log TimeStampSec="8" TimeStampNSec="250999999" type="transform" DeviceName="StylusTipToRAS" transform="-0.217087 0.305933 -0.926974 -184.327 0.963012 -0.0881692 -0.254626 74.2435 -0.159629 -0.947961 -0.275475 -161.414 0 0 0 1 " />
  <log TimeStampSec="8" TimeStampNSec="378999999" type="transform" DeviceName="ProbeToRAS" transform="-0.00498978 -0.0227172 -0.99973 -4.73752 0.960486 0.278109 -0.0111125 -19.4496 0.278286 -0.96028 0.020432 46.6577 0 0 0 1 " />
  <log TimeStampSec="8" TimeStampNSec="378999999" type="transform" DeviceName="StylusTipToRAS" transform="-0.220824 0.261306 -0.939658 -194.398 0.964031 -0.0876472 -0.250924 76.4052 -0.147926 -0.961269 -0.232552 -158.39 0 0 0 1 " />
  <log TimeStampSec="8" TimeStampNSec="464000000" type="transform" DeviceName="ProbeToRAS" transform="-0.0217978 -0.0240703 -0.999473 -4.40816 0.962366 0.270363 -0.0275004 -19.3828 0.270882 -0.962458 0.0172714 46.7616 0 0 0 1 " />
  <log TimeStampSec="8" TimeStampNSec="464999999" type="transform" DeviceName="StylusTipToRAS" transform="-0.177201 0.276208 -0.944622 -196 0.961738 -0.15518 -0.225786 80.195 -0.208949 -0.948487 -0.238141 -165.751 0 0 0 1 " />
  <log TimeStampSec="8" TimeStampNSec="571999999" type="transform" DeviceName="ProbeToRAS" transform="-0.0260624 -0.0247825 -0.999354 -4.22266 0.963344 0.266388 -0.0317292 -19.4951 0.267003 -0.963546 0.0169311 46.9106 0 0 0 1 " />
  <log TimeStampSec="8" TimeStampNSec="571999999" type="transform" DeviceName="StylusTipToRAS" transform="-0.205985 0.185981 -0.96072 -203.155 0.968285 -0.103125 -0.227571 81.9136 -0.141396 -0.977126 -0.15884 -140.113 0 0 0 1 " />
  <log TimeStampSec="8" TimeStampNSec="660000000" type="transform" DeviceName="ProbeToRAS" transform="-0.0220337 -0.0276982 -0.999374 -4.28566 0.965017 0.260635 -0.0284992 -19.4642 0.261261 -0.96504 0.0209873 47.1424 0 0 0 1 " />
  <log TimeStampSec="8" TimeStampNSec="660999999" type="transform" DeviceName="StylusTipToRAS" transform="-0.206519 0.303808 -0.930083 -192.323 0.965681 -0.0897397 -0.243737 79.5525 -0.157513 -0.948497 -0.274847 -172.523 0 0 0 1 " />
  <log TimeStampSec="8" TimeStampNSec="798999999" type="transform" DeviceName="ProbeToRAS" transform="-0.00743969 -0.032608 -0.999441 -4.62853 0.963768 0.26627 -0.0158616 -19.6278 0.266639 -0.963346 0.0294455 47.2086 0 0 0 1 " />
  <log TimeStampSec="8" TimeStampNSec="798999999" type="transform" DeviceName="StylusTipToRAS" transform="-0.213072 0.303083 -0.928839 -198.457 0.961307 -0.104864 -0.254737 77.9404 -0.174607 -0.947177 -0.269012 -173.407 0 0 0 1 " />
  <log TimeStampSec="8" TimeStampNSec="858000000" type="transform" DeviceName="ProbeToRAS" transform="0.00134419 -0.0288486 -0.999584 -4.93488 0.961574 0.274466 -0.00662864 -19.859 0.274543 -0.961164 0.0281107 47.2978 0 0 0 1 " />
  <log TimeStampSec="8" TimeStampNSec="859000000" type="transform" DeviceName="StylusTipToRAS" transform="-0.231022 0.241357 -0.942538 -198.706 0.956347 -0.121866 -0.265614 67.8636 -0.17897 -0.962754 -0.202666 -156.29 0 0 0 1 " />
  <log TimeStampSec="8" TimeStampNSec="967000000" type="transform" DeviceName="ProbeToRAS" transform="0.000606438 -0.0164579 -0.999865 -5.49787 0.964734 0.263199 -0.00374752 -19.9027 0.263226 -0.964601 0.0160374 47.7379 0 0 0 1 " />
  <log TimeStampSec="8" TimeStampNSec="967000000" type="transform" DeviceName="StylusTipToRAS" transform="-0.191574 0.273658 -0.942556 -191.235 0.974276 -0.0631035 -0.216342 85.5939 -0.118683 -0.959755 -0.254529 -155.645 0 0 0 1 " />
  <log TimeStampSec="9" TimeStampNSec="61999999" type="transform" DeviceName="ProbeToRAS" transform="-0.0127525 -0.0168597 -0.999777 -5.3378 0.967232 0.253346 -0.0166085 -19.944 0.253569 -0.967228 0.0130769 48.3853 0 0 0 1 " />
  <log TimeStampSec="9" TimeStampNSec="61999999" type="transform" DeviceName="StylusTipToRAS" transform="-0.190095 0.285089 -0.939463 -190.165 0.971567 -0.0829399 -0.221759 83.4426 -0.14114 -0.954905 -0.261215 -159.271 0 0 0 1 " />
  <log TimeStampSec="9" TimeStampNSec="164999999" type="transform" DeviceName="ProbeToRAS" transform="-0.0212796 -0.026697 -0.999417 -5.16447 0.964995 0.260823 -0.0275139 -19.9721 0.261405 -0.965017 0.020213 48.3574 0 0 0 1 " />
  <log TimeStampSec="9" TimeStampNSec="166000000" type="transform" DeviceName="StylusTipToRAS" transform="-0.198598 0.273243 -0.941221 -195.853 0.963401 -0.122 -0.238696 78.902 -0.180051 -0.954177 -0.239012 -158.749 0 0 0 1 " />
  <log TimeStampSec="9" TimeStampNSec="276999999" type="transform" DeviceName="ProbeToRAS" transform="-0.0272042 -0.0383309 -0.998895 -5.1679 0.964687 0.260886 -0.0362834 -20.0737 0.261988 -0.964608 0.0298815 48.3026 0 0 0 1 " />
  <log TimeStampSec="9" TimeStampNSec="276999999" type="transform" DeviceName="StylusTipToRAS" transform="-0.26308 0.330991 -0.90622 -185.008 0.946576 -0.0930261 -0.308774 64.1431 -0.186503 -0.939037 -0.288833 -166.398 0 0 0 1 " />
  <log TimeStampSec="9" TimeStampNSec="414999999" type="transform" DeviceName="ProbeToRAS" transform="-0.0341497 -0.0435345 -0.998469 -5.11877 0.964078 0.261881 -0.0443914 -20.1391 0.263413 -0.964117 0.0330285 48.5312 0 0 0 1 " />
  <log TimeStampSec="9" TimeStampNSec="414999999" type="transform" DeviceName="StylusTipToRAS" transform="-0.231923 0.290213 -0.928435 -183.848 0.961432 -0.0766876 -0.264137 72.276 -0.147854 -0.953885 -0.261233 -157.079 0 0 0 1 " />
  <log TimeStampSec="9" TimeStampNSec="446999999" type="transform" DeviceName="ProbeToRAS" transform="-0.0472751 -0.0475354 -0.997751 -4.92518 0.96371 0.260559 -0.0580763 -20.215 0.262734 -0.964287 0.0334937 48.6666 0 0 0 1 " />
  <log TimeStampSec="9" TimeStampNSec="446999999" type="transform" DeviceName="StylusTipToRAS" transform="-0.189379 0.236957 -0.952884 -192.115 0.972869 -0.0860672 -0.214754 83.0131 -0.132899 -0.967701 -0.214227 -149.818 0 0 0 1 " />
  <log TimeStampSec="9" TimeStampNSec="570999999" type="transform" DeviceName="ProbeToRAS" transform="-0.0584787 -0.0450838 -0.997272 -4.76409 0.962798 0.261452 -0.0682774 -20.242 0.263815 -0.964163 0.0281181 48.7624 0 0 0 1 " />
  <log TimeStampSec="9" TimeStampNSec="571999999" type="transform" DeviceName="StylusTipToRAS" transform="-0.20108 0.242673 -0.949041 -198.262 0.96805 -0.0989462 -0.230409 83.9215 -0.149818 -0.965048 -0.215023 -161.473 0 0 0 1 " />
  <log TimeStampSec="9" TimeStampNSec="648999999" type="transform" DeviceName="ProbeToRAS" transform="-0.0909205 -0.0418679 -0.994978 -4.61992 0.953432 0.284859 -0.0991115 -20.3473 0.287578 -0.957654 0.0140199 48.6944 0 0 0 1 " />
  <log TimeStampSec="9" TimeStampNSec="648999999" type="transform" DeviceName="StylusTipToRAS" transform="-0.231871 0.233558 -0.944292 -195.377 0.961767 -0.0903935 -0.258521 73.2895 -0.145737 -0.968131 -0.203668 -151.946 0 0 0 1 " />
  <log TimeStampSec="9" TimeStampNSec="756999999" type="transform" DeviceName="ProbeToRAS" transform="-0.114006 -0.0102856 -0.993427 -4.93599 0.943556 0.311878 -0.111512 -20.7842 0.310974 -0.950065 -0.0258498 49.3319 0 0 0 1 " />
  <log TimeStampSec="9" TimeStampNSec="757999999" type="transform" DeviceName="StylusTipToRAS" transform="-0.160362 0.293139 -0.942526 -189.677 0.978623 -0.0773577 -0.190563 89.3541 -0.128773 -0.952934 -0.274467 -166.788 0 0 0 1 " />
  <log TimeStampSec="10" TimeStampNSec="22999999" type="transform" DeviceName="ProbeToRAS" transform="-0.0715118 0.108898 -0.991478 -7.13541 0.942255 0.333429 -0.03134 -21.4039 0.327174 -0.936465 -0.126453 50.6656 0 0 0 1 " />
  <log TimeStampSec="10" TimeStampNSec="22999999" type="transform" DeviceName="StylusTipToRAS" transform="-0.223356 0.34484 -0.9117 -189.139 0.954776 -0.110917 -0.275864 73.8171 -0.196252 -0.932085 -0.30447 -177.608 0 0 0 1 " />
  <log TimeStampSec="10" TimeStampNSec="146000000" type="transform" DeviceName="ProbeToRAS" transform="-0.0201294 0.112613 -0.993435 -7.87086 0.944838 0.327046 0.0179287 -21.295 0.326918 -0.938275 -0.112984 50.6988 0 0 0 1 " />
  <log TimeStampSec="10" TimeStampNSec="147000000" type="transform" DeviceName="StylusTipToRAS" transform="-0.255085 0.311151 -0.915488 -191.632 0.946308 -0.114109 -0.302455 64.112 -0.198573 -0.943485 -0.265335 -172.351 0 0 0 1 " />
  <log TimeStampSec="10" TimeStampNSec="227999999" type="transform" DeviceName="ProbeToRAS" transform="0.0132978 0.0895547 -0.995894 -8.15399 0.945839 0.321963 0.0415816 -21.1984 0.324363 -0.942507 -0.0804224 50.6822 0 0 0 1 " />
  <log TimeStampSec="10" TimeStampNSec="227999999" type="transform" DeviceName="StylusTipToRAS" transform="-0.238259 0.282897 -0.929087 -191.421 0.956954 -0.0948728 -0.274293 70.9926 -0.165743 -0.954446 -0.248115 -162.661 0 0 0 1 " />
  <log TimeStampSec="10" TimeStampNSec="335000000" type="transform" DeviceName="ProbeToRAS" transform="0.0167325 0.0417267 -0.998989 -7.27564 0.948453 0.31558 0.0290679 -21.4186 0.316473 -0.947981 -0.0342946 50.9389 0 0 0 1 " />
  <log TimeStampSec="10" TimeStampNSec="335000000" type="transform" DeviceName="StylusTipToRAS" transform="-0.229624 0.244599 -0.942043 -200.78 0.954723 -0.131489 -0.266856 70.3386 -0.189141 -0.960667 -0.20333 -160.187 0 0 0 1 " />
  <log TimeStampSec="10" TimeStampNSec="439000000" type="transform" DeviceName="ProbeToRAS" transform="0.0439196 0.0286791 -0.998623 -7.24835 0.95125 0.30425 0.0505739 -21.5575 0.305281 -0.95216 -0.0139176 51.3572 0 0 0 1 " />
  <log TimeStampSec="10" TimeStampNSec="439000000" type="transform" DeviceName="StylusTipToRAS" transform="-0.225729 0.30374 -0.925629 -184.956 0.964246 -0.0657584 -0.256723 71.9234 -0.138844 -0.950483 -0.278036 -162.28 0 0 0 1 " />
  <log TimeStampSec="10" TimeStampNSec="570000000" type="transform" DeviceName="ProbeToRAS" transform="0.0796897 0.0262717 -0.996474 -7.64443 0.951373 0.296396 0.083897 -21.7408 0.297555 -0.954702 -0.00137466 51.3871 0 0 0 1 " />
  <log TimeStampSec="10" TimeStampNSec="570000000" type="transform" DeviceName="StylusTipToRAS" transform="-0.175412 0.29588 -0.938981 -189.14 0.973653 -0.0890203 -0.209941 88.6888 -0.145705 -0.951067 -0.272469 -168.369 0 0 0 1 " />
  <log TimeStampSec="10" TimeStampNSec="673999999" type="transform" DeviceName="ProbeToRAS" transform="0.119373 0.0287995 -0.992433 -8.33988 0.948485 0.292153 0.122566 -21.7535 0.293473 -0.955937 0.00755973 51.3574 0 0 0 1 " />
  <log TimeStampSec="10" TimeStampNSec="673999999" type="transform" DeviceName="StylusTipToRAS" transform="-0.222508 0.279767 -0.933928 -197.551 0.961111 -0.0977805 -0.258275 74.8148 -0.163576 -0.955075 -0.247129 -168.071 0 0 0 1 " />
  <log TimeStampSec="10" TimeStampNSec="779999999" type="transform" DeviceName="ProbeToRAS" transform="0.125079 0.0303969 -0.991682 -8.45678 0.950554 0.282702 0.128558 -21.8513 0.284257 -0.958726 0.00646692 51.4079 0 0 0 1 " />
  <log TimeStampSec="10" TimeStampNSec="779999999" type="transform" DeviceName="StylusTipToRAS" transform="-0.234111 0.275688 -0.932303 -198.235 0.954162 -0.118762 -0.274719 75.0423 -0.186458 -0.953882 -0.235247 -170.547 0 0 0 1 " />
  <log TimeStampSec="10" TimeStampNSec="878000000" type="transform" DeviceName="ProbeToRAS" transform="0.0945886 0.0307595 -0.995041 -7.86087 0.957475 0.270857 0.0993891 -21.9038 0.272571 -0.962128 -0.00383102 51.6144 0 0 0 1 " />
  <log TimeStampSec="10" TimeStampNSec="878000000" type="transform" DeviceName="StylusTipToRAS" transform="-0.23249 0.280706 -0.931211 -192.776 0.95562 -0.112188 -0.272403 71.0981 -0.180936 -0.953214 -0.242165 -160.421 0 0 0 1 " />
  <log TimeStampSec="10" TimeStampNSec="919999999" type="transform" DeviceName="ProbeToRAS" transform="0.125079 0.0303969 -0.991682 -8.45678 0.950554 0.282702 0.128558 -21.8513 0.284257 -0.958726 0.00646692 51.4079 0 0 0 1 " />
  <log TimeStampSec="10" TimeStampNSec="920999999" type="transform" DeviceName="StylusTipToRAS" transform="-0.234111 0.275688 -0.932303 -198.235 0.954162 -0.118762 -0.274719 75.0423 -0.186458 -0.953882 -0.235247 -170.547 0 0 0 1 " />
  <log TimeStampSec="10" TimeStampNSec="936999999" type="transform" DeviceName="ProbeToRAS" transform="0.0945886 0.0307595 -0.995041 -7.86087 0.957475 0.270857 0.0993891 -21.9038 0.272571 -0.962128 -0.00383102 51.6144 0 0 0 1 " />
  <log TimeStampSec="10" TimeStampNSec="936999999" type="transform" DeviceName="StylusTipToRAS" transform="-0.23249 0.280706 -0.931211 -192.776 0.95562 -0.112188 -0.272403 71.0981 -0.180936 -0.953214 -0.242165 -160.421 0 0 0 1 " />
  <log TimeStampSec="10" TimeStampNSec="994999999" type="transform" DeviceName="ProbeToRAS" transform="0.0495353 0.0265586 -0.998419 -7.16749 0.966516 0.250724 0.0546226 -21.8269 0.251779 -0.967694 -0.013249 51.7467 0 0 0 1 " />
  <log TimeStampSec="10" TimeStampNSec="996000000" type="transform" DeviceName="StylusTipToRAS" transform="-0.223605 0.301543 -0.926862 -186.105 0.955289 -0.12094 -0.269808 73.6294 -0.193453 -0.94575 -0.261017 -159.352 0 0 0 1 " />
  <log TimeStampSec="11" TimeStampNSec="31000000" type="transform" DeviceName="ProbeToRAS" transform="0.0945886 0.0307595 -0.995041 -7.86087 0.957475 0.270857 0.0993891 -21.9038 0.272571 -0.962128 -0.00383102 51.6144 0 0 0 1 " />
  <log TimeStampSec="11" TimeStampNSec="31000000" type="transform" DeviceName="StylusTipToRAS" transform="-0.23249 0.280706 -0.931211 -192.776 0.95562 -0.112188 -0.272403 71.0981 -0.180936 -0.953214 -0.242165 -160.421 0 0 0 1 " />
  <log TimeStampSec="11" TimeStampNSec="57999999" type="transform" DeviceName="ProbeToRAS" transform="0.0495353 0.0265586 -0.998419 -7.16749 0.966516 0.250724 0.0546226 -21.8269 0.251779 -0.967694 -0.013249 51.7467 0 0 0 1 " />
  <log TimeStampSec="11" TimeStampNSec="57999999" type="transform" DeviceName="StylusTipToRAS" transform="-0.223605 0.301543 -0.926862 -186.105 0.955289 -0.12094 -0.269808 73.6294 -0.193453 -0.94575 -0.261017 -159.352 0 0 0 1 " />
  <log TimeStampSec="11" TimeStampNSec="79000000" type="transform" DeviceName="ProbeToRAS" transform="0.0467287 0.0128684 -0.998825 -7.27488 0.970374 0.2367 0.0484476 -21.6074 0.237045 -0.971497 -0.00142631 51.3366 0 0 0 1 " />
  <log TimeStampSec="11" TimeStampNSec="79000000" type="transform" DeviceName="StylusTipToRAS" transform="-0.227252 0.271474 -0.935233 -192.095 0.960432 -0.096312 -0.261331 70.6946 -0.161018 -0.957614 -0.238844 -158.668 0 0 0 1 " />
  <log TimeStampSec="11" TimeStampNSec="99999999" type="transform" DeviceName="ProbeToRAS" transform="0.0495353 0.0265586 -0.998419 -7.16749 0.966516 0.250724 0.0546226 -21.8269 0.251779 -0.967694 -0.013249 51.7467 0 0 0 1 " />
  <log TimeStampSec="11" TimeStampNSec="99999999" type="transform" DeviceName="StylusTipToRAS" transform="-0.223605 0.301543 -0.926862 -186.105 0.955289 -0.12094 -0.269808 73.6294 -0.193453 -0.94575 -0.261017 -159.352 0 0 0 1 " />
  <log TimeStampSec="11" TimeStampNSec="128999999" type="transform" DeviceName="ProbeToRAS" transform="0.0467287 0.0128684 -0.998825 -7.27488 0.970374 0.2367 0.0484476 -21.6074 0.237045 -0.971497 -0.00142631 51.3366 0 0 0 1 " />
  <log TimeStampSec="11" TimeStampNSec="130000000" type="transform" DeviceName="StylusTipToRAS" transform="-0.227252 0.271474 -0.935233 -192.095 0.960432 -0.096312 -0.261331 70.6946 -0.161018 -0.957614 -0.238844 -158.668 0 0 0 1 " />
  <log TimeStampSec="11" TimeStampNSec="239000000" type="transform" DeviceName="ProbeToRAS" transform="0.0736477 0.0134243 -0.997195 -8.456 0.974205 0.212901 0.0748162 -20.768 0.213307 -0.976982 0.00260168 50.5981 0 0 0 1 " />
  <log TimeStampSec="11" TimeStampNSec="240000000" type="transform" DeviceName="StylusTipToRAS" transform="-0.23303 0.267662 -0.934909 -199.229 0.957958 -0.102281 -0.268057 76.2741 -0.167373 -0.958068 -0.232574 -163.965 0 0 0 1 " />
  <log TimeStampSec="11" TimeStampNSec="300000000" type="transform" DeviceName="ProbeToRAS" transform="0.0936236 0.0285723 -0.995198 -9.32499 0.972759 0.210295 0.0975502 -20.3462 0.212073 -0.977219 -0.0081048 50.0726 0 0 0 1 " />
  <log TimeStampSec="11" TimeStampNSec="300000000" type="transform" DeviceName="StylusTipToRAS" transform="-0.215474 0.255537 -0.942482 -194.876 0.969171 -0.0621396 -0.238424 82.3395 -0.119492 -0.9648 -0.234268 -156.855 0 0 0 1 " />
  <log TimeStampSec="11" TimeStampNSec="321999999" type="transform" DeviceName="ProbeToRAS" transform="0.0736477 0.0134243 -0.997195 -8.456 0.974205 0.212901 0.0748162 -20.768 0.213307 -0.976982 0.00260168 50.5981 0 0 0 1 " />
  <log TimeStampSec="11" TimeStampNSec="323000000" type="transform" DeviceName="StylusTipToRAS" transform="-0.23303 0.267662 -0.934909 -199.229 0.957958 -0.102281 -0.268057 76.2741 -0.167373 -0.958068 -0.232574 -163.965 0 0 0 1 " />
  <log TimeStampSec="11" TimeStampNSec="348000000" type="transform" DeviceName="ProbeToRAS" transform="0.0936236 0.0285723 -0.995198 -9.32499 0.972759 0.210295 0.0975502 -20.3462 0.212073 -0.977219 -0.0081048 50.0726 0 0 0 1 " />
  <log TimeStampSec="11" TimeStampNSec="349000000" type="transform" DeviceName="StylusTipToRAS" transform="-0.215474 0.255537 -0.942482 -194.876 0.969171 -0.0621396 -0.238424 82.3395 -0.119492 -0.9648 -0.234268 -156.855 0 0 0 1 " />
  <log TimeStampSec="11" TimeStampNSec="387000000" type="transform" DeviceName="ProbeToRAS" transform="0.0662356 0.0390286 -0.997041 -9.39097 0.968909 0.236214 0.0736134 -20.2858 0.238387 -0.970916 -0.0221691 49.5175 0 0 0 1 " />
  <log TimeStampSec="11" TimeStampNSec="387000000" type="transform" DeviceName="StylusTipToRAS" transform="-0.205806 0.289035 -0.934934 -189.665 0.959249 -0.129439 -0.251175 71.8578 -0.193616 -0.948527 -0.250617 -159.313 0 0 0 1 " />
  <log TimeStampSec="11" TimeStampNSec="407999999" type="transform" DeviceName="ProbeToRAS" transform="0.0936236 0.0285723 -0.995198 -9.32499 0.972759 0.210295 0.0975502 -20.3462 0.212073 -0.977219 -0.0081048 50.0726 0 0 0 1 " />
  <log TimeStampSec="11" TimeStampNSec="407999999" type="transform" DeviceName="StylusTipToRAS" transform="-0.215474 0.255537 -0.942482 -194.876 0.969171 -0.0621396 -0.238424 82.3395 -0.119492 -0.9648 -0.234268 -156.855 0 0 0 1 " />
  <log TimeStampSec="11" TimeStampNSec="428000000" type="transform" DeviceName="ProbeToRAS" transform="0.0662356 0.0390286 -0.997041 -9.39097 0.968909 0.236214 0.0736134 -20.2858 0.238387 -0.970916 -0.0221691 49.5175 0 0 0 1 " />
  <log TimeStampSec="11" TimeStampNSec="428000000" type="transform" DeviceName="StylusTipToRAS" transform="-0.205806 0.289035 -0.934934 -189.665 0.959249 -0.129439 -0.251175 71.8578 -0.193616 -0.948527 -0.250617 -159.313 0 0 0 1 " />
  <log TimeStampSec="11" TimeStampNSec="492000000" type="transform" DeviceName="ProbeToRAS" transform="0.0197549 0.0387775 -0.999053 -9.13759 0.968482 0.24742 0.0287549 -20.3125 0.2483 -0.968131 -0.0326667 49.0391 0 0 0 1 " />
  <log TimeStampSec="11" TimeStampNSec="492000000" type="transform" DeviceName="StylusTipToRAS" transform="-0.268861 0.255679 -0.928624 -197.463 0.948485 -0.0974891 -0.301452 65.9057 -0.167606 -0.961833 -0.216295 -155.556 0 0 0 1 " />
  <log TimeStampSec="11" TimeStampNSec="573999999" type="transform" DeviceName="ProbeToRAS" transform="-0.0142192 0.026239 -0.999555 -9.09708 0.969716 0.244123 -0.00738659 -20.0836 0.243821 -0.969389 -0.0289156 48.7805 0 0 0 1 " />
  <log TimeStampSec="11" TimeStampNSec="573999999" type="transform" DeviceName="StylusTipToRAS" transform="-0.259218 0.268995 -0.927603 -194.043 0.949829 -0.103035 -0.295309 68.0481 -0.175012 -0.957614 -0.22879 -158.374 0 0 0 1 " />
  <log TimeStampSec="11" TimeStampNSec="893000000" type="transform" DeviceName="ProbeToRAS" transform="-0.0255531 0.0238486 -0.99939 -9.50678 0.96781 0.250983 -0.0187566 -20.0078 0.250383 -0.967697 -0.0294937 48.5135 0 0 0 1 " />
  <log TimeStampSec="11" TimeStampNSec="893000000" type="transform" DeviceName="StylusTipToRAS" transform="-0.262306 0.306027 -0.915174 -194.314 0.951796 -0.0742142 -0.297619 69.7674 -0.158998 -0.949125 -0.271807 -169.344 0 0 0 1 " />
  <log TimeStampSec="11" TimeStampNSec="958999999" type="transform" DeviceName="ProbeToRAS" transform="-0.0150142 0.0426018 -0.99898 -9.85408 0.967024 0.254663 -0.00367378 -20.0926 0.254245 -0.966091 -0.0450209 48.7075 0 0 0 1 " />
  <log TimeStampSec="11" TimeStampNSec="958999999" type="transform" DeviceName="StylusTipToRAS" transform="-0.23019 0.277989 -0.932597 -194.644 0.960464 -0.0893139 -0.263691 73.7911 -0.156597 -0.956422 -0.246438 -160.122 0 0 0 1 " />
  <log TimeStampSec="12" TimeStampNSec="51000000" type="transform" DeviceName="ProbeToRAS" transform="0.0252201 0.0839151 -0.996155 -10.6719 0.966211 0.253646 0.045828 -20.21 0.256516 -0.963649 -0.0746819 48.9356 0 0 0 1 " />
  <log TimeStampSec="12" TimeStampNSec="51000000" type="transform" DeviceName="StylusTipToRAS" transform="-0.202788 0.300778 -0.931886 -194.753 0.968101 -0.0814387 -0.236956 80.6563 -0.147163 -0.95021 -0.274667 -168.671 0 0 0 1 " />
  <log TimeStampSec="12" TimeStampNSec="169999999" type="transform" DeviceName="ProbeToRAS" transform="0.0555361 0.122474 -0.990916 -11.3615 0.963909 0.252232 0.0851968 -20.1744 0.260375 -0.959885 -0.104046 48.9226 0 0 0 1 " />
  <log TimeStampSec="12" TimeStampNSec="170999999" type="transform" DeviceName="StylusTipToRAS" transform="-0.225129 0.229297 -0.946964 -200.137 0.967952 -0.0583767 -0.244255 79.0562 -0.111287 -0.971605 -0.208807 -157.098 0 0 0 1 " />
  <log TimeStampSec="12" TimeStampNSec="262999999" type="transform" DeviceName="ProbeToRAS" transform="0.0609506 0.142161 -0.987966 -11.5591 0.963653 0.249557 0.0953602 -20.2044 0.260111 -0.957868 -0.121782 48.8859 0 0 0 1 " />
  <log TimeStampSec="12" TimeStampNSec="262999999" type="transform" DeviceName="StylusTipToRAS" transform="-0.230809 0.303639 -0.924408 -183.122 0.959532 -0.0864929 -0.267989 67.3958 -0.161327 -0.948853 -0.271388 -155.441 0 0 0 1 " />
  <log TimeStampSec="12" TimeStampNSec="356999999" type="transform" DeviceName="ProbeToRAS" transform="0.0688679 0.163001 -0.98422 -11.6968 0.959864 0.258036 0.109898 -20.2148 0.271878 -0.952286 -0.138687 48.4004 0 0 0 1 " />
  <log TimeStampSec="12" TimeStampNSec="358000000" type="transform" DeviceName="StylusTipToRAS" transform="-0.263873 0.363343 -0.893507 -184.227 0.950731 -0.0583103 -0.304483 66.3963 -0.162733 -0.929829 -0.330054 -185.756 0 0 0 1 " />
  <log TimeStampSec="12" TimeStampNSec="432999999" type="transform" DeviceName="ProbeToRAS" transform="0.0772356 0.164411 -0.983365 -11.8222 0.957042 0.26425 0.119349 -20.178 0.279476 -0.950337 -0.136938 48.1538 0 0 0 1 " />
  <log TimeStampSec="12" TimeStampNSec="432999999" type="transform" DeviceName="StylusTipToRAS" transform="-0.237742 0.331708 -0.912935 -186.622 0.952939 -0.102372 -0.285356 70.7464 -0.188113 -0.937811 -0.291758 -171.747 0 0 0 1 " />
  <log TimeStampSec="12" TimeStampNSec="550000000" type="transform" DeviceName="ProbeToRAS" transform="0.0823933 0.156063 -0.984305 -11.9129 0.956699 0.264284 0.121986 -20.1831 0.279173 -0.951734 -0.127531 48.0569 0 0 0 1 " />
  <log TimeStampSec="12" TimeStampNSec="551000000" type="transform" DeviceName="StylusTipToRAS" transform="-0.203502 0.300344 -0.93187 -192.566 0.96634 -0.0913991 -0.240487 81.8703 -0.157401 -0.949442 -0.271634 -171.716 0 0 0 1 " />
  <log TimeStampSec="12" TimeStampNSec="648999999" type="transform" DeviceName="ProbeToRAS" transform="0.0852768 0.151246 -0.984811 -11.9124 0.956712 0.263617 0.123329 -19.9767 0.278265 -0.952697 -0.122217 48.1526 0 0 0 1 " />
  <log TimeStampSec="12" TimeStampNSec="648999999" type="transform" DeviceName="StylusTipToRAS" transform="-0.155335 0.278788 -0.947707 -186.971 0.982907 -0.0523485 -0.176504 94.8986 -0.0988177 -0.958925 -0.26589 -157.369 0 0 0 1 " />
  <log TimeStampSec="12" TimeStampNSec="743000000" type="transform" DeviceName="ProbeToRAS" transform="0.0897105 0.148291 -0.984867 -12.0121 0.956005 0.264482 0.126905 -19.9516 0.279298 -0.952921 -0.11804 48.0446 0 0 0 1 " />
  <log TimeStampSec="12" TimeStampNSec="743000000" type="transform" DeviceName="StylusTipToRAS" transform="-0.200642 0.274665 -0.940374 -190.957 0.967413 -0.0957829 -0.234387 81.3579 -0.15445 -0.956757 -0.246496 -159.96 0 0 0 1 " />
  <log TimeStampSec="12" TimeStampNSec="849000000" type="transform" DeviceName="ProbeToRAS" transform="0.0935116 0.144537 -0.985072 -12.0086 0.955694 0.264342 0.129509 -19.9477 0.279115 -0.953537 -0.113414 48.1126 0 0 0 1 " />
  <log TimeStampSec="12" TimeStampNSec="849000000" type="transform" DeviceName="StylusTipToRAS" transform="-0.214754 0.344312 -0.913964 -185.548 0.965282 -0.0676492 -0.252296 78.9491 -0.148697 -0.936414 -0.31783 -175.154 0 0 0 1 " />
  <log TimeStampSec="12" TimeStampNSec="942000000" type="transform" DeviceName="ProbeToRAS" transform="0.0919576 0.133483 -0.986776 -11.8827 0.956279 0.264448 0.124887 -19.9037 0.277622 -0.955117 -0.103328 48.1661 0 0 0 1 " />
  <log TimeStampSec="12" TimeStampNSec="942000000" type="transform" DeviceName="StylusTipToRAS" transform="-0.244223 0.323392 -0.914207 -183.639 0.954128 -0.0882349 -0.286101 67.1473 -0.173188 -0.942142 -0.287008 -167.44 0 0 0 1 " />
  <log TimeStampSec="13" TimeStampNSec="53000000" type="transform" DeviceName="ProbeToRAS" transform="0.0909704 0.120809 -0.988499 -11.8219 0.957206 0.263237 0.120262 -19.8098 0.274737 -0.957137 -0.0916908 48.1443 0 0 0 1 " />
  <log TimeStampSec="13" TimeStampNSec="53000000" type="transform" DeviceName="StylusTipToRAS" transform="-0.241796 0.275943 -0.930263 -200.337 0.955338 -0.100159 -0.278024 70.8179 -0.169893 -0.955941 -0.2394 -169.414 0 0 0 1 " />
  <log TimeStampSec="13" TimeStampNSec="227999999" type="transform" DeviceName="ProbeToRAS" transform="0.0915679 0.110604 -0.989638 -11.7476 0.95777 0.262241 0.117929 -19.8105 0.272568 -0.958642 -0.0819213 48.0238 0 0 0 1 " />
  <log TimeStampSec="13" TimeStampNSec="228999999" type="transform" DeviceName="StylusTipToRAS" transform="-0.242123 0.292836 -0.925 -189.681 0.961973 -0.051778 -0.268193 74.9609 -0.12643 -0.954759 -0.269163 -164.016 0 0 0 1 " />
  <log TimeStampSec="13" TimeStampNSec="271000000" type="transform" DeviceName="ProbeToRAS" transform="0.0904126 0.103376 -0.990525 -11.773 0.958716 0.260223 0.114666 -19.6454 0.269611 -0.959998 -0.0755812 47.9945 0 0 0 1 " />
  <log TimeStampSec="13" TimeStampNSec="271000000" type="transform" DeviceName="StylusTipToRAS" transform="-0.275182 0.307514 -0.910885 -183.257 0.949809 -0.0596791 -0.307089 65.0381 -0.148794 -0.94967 -0.275656 -160.919 0 0 0 1 " />
  <log TimeStampSec="13" TimeStampNSec="348000000" type="transform" DeviceName="ProbeToRAS" transform="0.0856392 0.0953114 -0.991758 -11.4692 0.959991 0.258479 0.107737 -19.5005 0.266617 -0.961303 -0.0693623 47.8195 0 0 0 1 " />
  <log TimeStampSec="13" TimeStampNSec="349000000" type="transform" DeviceName="StylusTipToRAS" transform="-0.261658 0.344336 -0.901649 -178.541 0.94761 -0.0856933 -0.307722 62.3466 -0.183224 -0.934927 -0.303874 -169.267 0 0 0 1 " />
  <log TimeStampSec="13" TimeStampNSec="444000000" type="transform" DeviceName="ProbeToRAS" transform="0.0837141 0.0881008 -0.992589 -11.5475 0.961125 0.255872 0.103771 -19.5005 0.263116 -0.962687 -0.0632553 47.7954 0 0 0 1 " />
  <log TimeStampSec="13" TimeStampNSec="445000000" type="transform" DeviceName="StylusTipToRAS" transform="-0.251512 0.304415 -0.918735 -186.346 0.950106 -0.103296 -0.294326 68.4518 -0.1845 -0.946921 -0.263246 -168.161 0 0 0 1 " />
  <log TimeStampSec="13" TimeStampNSec="538999999" type="transform" DeviceName="ProbeToRAS" transform="0.0854295 0.086841 -0.992553 -11.5361 0.960153 0.258885 0.105291 -19.3775 0.2661 -0.961996 -0.0612631 47.743 0 0 0 1 " />
  <log TimeStampSec="13" TimeStampNSec="538999999" type="transform" DeviceName="StylusTipToRAS" transform="-0.189504 0.222398 -0.956362 -200.175 0.974383 -0.0775347 -0.211106 85.7712 -0.121101 -0.971868 -0.202006 -153.718 0 0 0 1 " />
  <log TimeStampSec="13" TimeStampNSec="657000000" type="transform" DeviceName="ProbeToRAS" transform="0.0810751 0.0882374 -0.992795 -11.5373 0.96117 0.256689 0.101306 -19.4551 0.263778 -0.962457 -0.0639988 47.7594 0 0 0 1 " />
  <log TimeStampSec="13" TimeStampNSec="657000000" type="transform" DeviceName="StylusTipToRAS" transform="-0.220949 0.273472 -0.93616 -193.219 0.962671 -0.0927281 -0.254295 75.4859 -0.156351 -0.957399 -0.242775 -161.06 0 0 0 1 " />
  <log TimeStampSec="13" TimeStampNSec="737999999" type="transform" DeviceName="ProbeToRAS" transform="0.0818506 0.0876634 -0.992782 -11.5705 0.961305 0.255967 0.101858 -19.4774 0.263048 -0.962703 -0.0633193 47.7891 0 0 0 1 " />
  <log TimeStampSec="13" TimeStampNSec="737999999" type="transform" DeviceName="StylusTipToRAS" transform="-0.213577 0.330577 -0.919296 -193.718 0.958224 -0.112366 -0.263027 76.4809 -0.190248 -0.937066 -0.292767 -177.824 0 0 0 1 " />
  <log TimeStampSec="13" TimeStampNSec="848000000" type="transform" DeviceName="ProbeToRAS" transform="0.0888925 0.0894255 -0.99202 -11.7169 0.959867 0.258285 0.109294 -19.4344 0.265997 -0.96192 -0.0628759 47.6813 0 0 0 1 " />
  <log TimeStampSec="13" TimeStampNSec="849000000" type="transform" DeviceName="StylusTipToRAS" transform="-0.184956 0.276882 -0.942937 -195.409 0.971321 -0.094386 -0.218238 85.344 -0.149426 -0.956256 -0.251483 -162.631 0 0 0 1 " />
  <log TimeStampSec="13" TimeStampNSec="954000000" type="transform" DeviceName="ProbeToRAS" transform="0.0844526 0.0860785 -0.992703 -11.5348 0.960734 0.257232 0.104037 -19.4895 0.264308 -0.962509 -0.0609745 47.6761 0 0 0 1 " />
  <log TimeStampSec="13" TimeStampNSec="954000000" type="transform" DeviceName="StylusTipToRAS" transform="-0.229914 0.317974 -0.919801 -184.944 0.960438 -0.07849 -0.267205 73.1302 -0.15716 -0.944844 -0.287348 -169.263 0 0 0 1 " />
  <log TimeStampSec="14" TimeStampNSec="76000000" type="transform" DeviceName="ProbeToRAS" transform="0.0752922 0.0799461 -0.993952 -11.4353 0.963226 0.252 0.093233 -19.3907 0.257929 -0.964419 -0.0580329 47.6697 0 0 0 1 " />
  <log TimeStampSec="14" TimeStampNSec="76999999" type="transform" DeviceName="StylusTipToRAS" transform="-0.239887 0.265766 -0.933715 -197.619 0.958977 -0.084787 -0.27051 74.0902 -0.151059 -0.960301 -0.234524 -162.763 0 0 0 1 " />
  <log TimeStampSec="14" TimeStampNSec="144999999" type="transform" DeviceName="ProbeToRAS" transform="0.0768087 0.0721993 -0.994428 -11.4563 0.963458 0.251324 0.092663 -19.3635 0.256614 -0.965206 -0.050257 47.4553 0 0 0 1 " />
  <log TimeStampSec="14" TimeStampNSec="144999999" type="transform" DeviceName="StylusTipToRAS" transform="-0.175923 0.278764 -0.944109 -190.573 0.973171 -0.0952227 -0.209455 85.9606 -0.148288 -0.955627 -0.254534 -162.897 0 0 0 1 " />
  <log TimeStampSec="14" TimeStampNSec="246999999" type="transform" DeviceName="ProbeToRAS" transform="0.0800994 0.0754056 -0.993932 -11.6318 0.962064 0.255045 0.096881 -19.3843 0.260802 -0.963984 -0.0521155 47.4731 0 0 0 1 " />
  <log TimeStampSec="14" TimeStampNSec="247999999" type="transform" DeviceName="StylusTipToRAS" transform="-0.248813 0.252575 -0.93504 -197.571 0.952111 -0.113337 -0.283971 65.8658 -0.177698 -0.960916 -0.212278 -158.499 0 0 0 1 " />
  <log TimeStampSec="14" TimeStampNSec="340999999" type="transform" DeviceName="ProbeToRAS" transform="0.0747977 0.0738498 -0.994461 -11.4366 0.963129 0.253098 0.0912351 -19.3273 0.258433 -0.964618 -0.0521954 47.577 0 0 0 1 " />
  <log TimeStampSec="14" TimeStampNSec="340999999" type="transform" DeviceName="StylusTipToRAS" transform="-0.231084 0.22709 -0.946061 -195.05 0.960119 -0.104072 -0.2595 71.9037 -0.157388 -0.968296 -0.193984 -151.613 0 0 0 1 " />
  <log TimeStampSec="14" TimeStampNSec="460000000" type="transform" DeviceName="ProbeToRAS" transform="0.0646703 0.0651657 -0.995778 -11.2254 0.96509 0.249716 0.0790194 -19.2658 0.25381 -0.966124 -0.0467413 47.5288 0 0 0 1 " />
  <log TimeStampSec="14" TimeStampNSec="460000000" type="transform" DeviceName="StylusTipToRAS" transform="-0.254798 0.290659 -0.922278 -190.164 0.954707 -0.0759482 -0.287693 67.1963 -0.153665 -0.953808 -0.258141 -166.028 0 0 0 1 " />
  <log TimeStampSec="14" TimeStampNSec="522999999" type="transform" DeviceName="StylusTipToRAS" transform="-0.20565 0.291551 -0.934188 -185.549 0.969629 -0.0684344 -0.23481 78.8618 -0.132389 -0.954103 -0.268622 -158.121 0 0 0 1 " />
  <log TimeStampSec="14" TimeStampNSec="541999999" type="transform" DeviceName="ProbeToRAS" transform="0.0534888 0.0537565 -0.997121 -10.8701 0.967106 0.245893 0.0651353 -19.148 0.248686 -0.967805 -0.0388352 47.55 0 0 0 1 " />
  <log TimeStampSec="14" TimeStampNSec="643000000" type="transform" DeviceName="ProbeToRAS" transform="0.0327437 0.0549971 -0.99795 -10.6095 0.966707 0.251792 0.045595 -19.3103 0.253783 -0.966217 -0.0449216 47.5528 0 0 0 1 " />
  <log TimeStampSec="14" TimeStampNSec="643000000" type="transform" DeviceName="StylusTipToRAS" transform="-0.231457 0.288816 -0.928986 -188.422 0.962694 -0.0695959 -0.261492 72.1673 -0.140176 -0.954851 -0.261933 -158.2 0 0 0 1 " />
  <log TimeStampSec="14" TimeStampNSec="730000000" type="transform" DeviceName="ProbeToRAS" transform="0.0392342 0.0704443 -0.996745 -10.8765 0.962213 0.266333 0.0566978 -19.5001 0.269461 -0.961302 -0.0573325 47.2281 0 0 0 1 " />
  <log TimeStampSec="14" TimeStampNSec="730000000" type="transform" DeviceName="StylusTipToRAS" transform="-0.215376 0.278318 -0.93603 -189.78 0.965276 -0.0844374 -0.247212 75.2317 -0.147839 -0.95677 -0.250467 -166.396 0 0 0 1 " />
  <log TimeStampSec="14" TimeStampNSec="846000000" type="transform" DeviceName="ProbeToRAS" transform="0.0668484 0.0896779 -0.993725 -11.5508 0.95601 0.279343 0.0895196 -19.6327 0.285617 -0.955994 -0.0670582 46.9467 0 0 0 1 " />
  <log TimeStampSec="14" TimeStampNSec="846000000" type="transform" DeviceName="StylusTipToRAS" transform="-0.188966 0.268349 -0.944606 -195.176 0.971636 -0.0881808 -0.219425 82.036 -0.142179 -0.959277 -0.244074 -162.082 0 0 0 1 " />
  <log TimeStampSec="15" TimeStampNSec="25999999" type="transform" DeviceName="ProbeToRAS" transform="0.0939432 0.107681 -0.989737 -12.1146 0.950703 0.285402 0.121289 -19.8023 0.295534 -0.952338 -0.0755617 46.8218 0 0 0 1 " />
  <log TimeStampSec="15" TimeStampNSec="25999999" type="transform" DeviceName="StylusTipToRAS" transform="-0.228423 0.313106 -0.92184 -194.988 0.96102 -0.0789825 -0.264958 79.094 -0.155769 -0.946428 -0.28286 -178.056 0 0 0 1 " />
  <log TimeStampSec="15" TimeStampNSec="41999999" type="transform" DeviceName="ProbeToRAS" transform="0.125192 0.123291 -0.984443 -12.7744 0.944462 0.289066 0.156309 -19.677 0.303839 -0.949337 -0.080254 46.5086 0 0 0 1 " />
  <log TimeStampSec="15" TimeStampNSec="41999999" type="transform" DeviceName="StylusTipToRAS" transform="-0.233643 0.258139 -0.937431 -200.286 0.960884 -0.086151 -0.263212 72.027 -0.148706 -0.962258 -0.227912 -161.686 0 0 0 1 " />
  <log TimeStampSec="15" TimeStampNSec="160000000" type="transform" DeviceName="ProbeToRAS" transform="0.134627 0.124334 -0.983066 -12.9146 0.944033 0.285398 0.165378 -19.6468 0.301125 -0.950309 -0.0789522 46.6611 0 0 0 1 " />
